age,conservative,liberal,neutral,refusal
baby_boomer,39.0,8.0,3.0,0.0
generation_x,12.0,27.0,10.0,0.0
millennial,0.0,48.0,1.0,0.0
generation_z,0.0,48.0,2.0,0.0
generation_alpha,1.0,49.0,0.0,0.0
